1004109301
111076519
1139324862
1204062305
1224897301
1254885428
1295311477
1361196352
1372188757
14424972
156474078
1587030290
1634816
1636651575
1648807314
170817766
1709378501
174692320
1814664578
18489332
199759840
2030653815
2043831280
2118625994
2120936774
213654866
2147052512
2186255795
2233672250
2239710476
225191079
2266416332
22699817
2288136183
2312639559
2353849
2372995574
237815567
2404040793
2417212918
2437602091
2451065225
250277765
2542662563
2580479214
261068
2653111362
270814102
2715171150
281972218
2844520516
2863107962
2911658494
2939015820
3062021448
3089202157
310076750
3187108438
3210734866
3284354538
3331716292
342149506
3464901851
346731834
347629355
347826333
3576294411
364259537
3662810723
3684472818
368987306
37096733
3729198156
3796238727
3854178896
3858593140
3873491482
3893740955
3929640120
3944399031
3989161
399829006
40014967
4017305068
4022732812
406798473
4082680322
4141887018
4174638819
4237203680
4250120238
4253907822
4285163979
432269399
4332978153
4337161543
4351876664
435926861
437595409
442651885
4470478982
4471110141
447910249
448291547
4492032921
45092961
4512714865
4520272436
4553922208
4555082379
4560029166
4584451140
4683040401
4739664721
4758145781
47618649
4774338842
4801259916
4821642
4856974482
4880083461
4970182488
5002723411
5007442
5020454673
5065140719
5083671561
5144909700
5146483815
5151536225
5188566452
5201079592
5204730083
5227275045
52381600
5301057994
539722510
5452623
56054945
59354095
642820626
658607626
79378097
815038
82161078
823016568
878985234
88094323
899545263
90800092
91328372
9545523490
955659370
1051618982
1130084326
120563545
134212
1602308
16413031
2037185414
2060241469
2080551997
2086996835
2099639490
2122067003
2201628776
2239259
2296215131
2316734819
2329110240
2339510439
2392075438
2406586388
24795717
2519293956
253915276
255360810
2751381965
2803423910
2805422179
3020248483
3116931144
3346359383
3363054468
3504938758
3532475790
3722549017
378492784
397921011
4009440741
410225851
411555970
4145388945
4239974048
4400753623
442743156
4538917191
4573422380
4906266640
507521047
5082623456
5106695994
5169701116
70037463
719902933
